11653
19617
55350
24482
20063
16456
50209
25952
815
30648
30745
12041
13283
23023
52180
28472
14345
56534
37781
46651
871
33850
20214
49483
806
1593
36745
7116
24156
48986
51069
25256
28296
60762
45717
49506
34996
61233
53272
61423
9037
12037
55791
61040
10411
34829
61411
31307
53258
55982
25608
9676
44947
34149
824
41448
16199
54414
6262
6097
42815
26396
47049
63402
14712
32301
31738
55582
14574
12844
28011
35938
47808
23887
20130
17450
17354
31173
53321
30148
55900
50546
59735
12852
16982
17961
44116
64475
65182
7255
53093
34383
3938
18150
52520
5077
40372
11840
4024
56206
21610
7737
14545
51001
55486
10967
238
1420
3177
48042
46865
10505
46046
20467
31341
30943
3979
44082
25110
33870
35659
64427
60455
7974
3406
65159
61647
33293
43669
56171
40373
4292
46058
55893
34364
7867
39073
12789
60652
11394
1317
12666
5237
27017
49156
47755
39724
35736
482
662
52546
12862
39118
33711
6129
24301
59148
31877
44410
64629
24042
14378
15985
55412
12208
62100
60296
51546
42398
45386
11101
25101
29034
63862
62667
35677
59862
22931
42744
35146
61813
13672
45237
24936
10817
56138
7968
46578
33279
23023
62417
2436
22386
53900
21525
63280
53397
39980
26654
21776
9089
48878
43505
61898
53193
24753
45930
51944
10728
15569
34877
16322
20323
15945
20370
3616
7568
41685
20490
24639
10175
34607
23510
4657
53589
31785
14454
44208
38439
27277
43430
40903
31847
64680
53394
42608
35160
26720
27288
12157
37206
30699
64766
22127
42607
16893
12397
43579
56247
6350
1729
26265
49139
51675
25421
12562
23969
37651
47142
4877
20929
62833
60843
43191
37750
19738
37808
3924
22022
23600
41076
26364
22972
35801
59487
552
28819
57078
48501
2797
44534
32649
58851
18566
65322
35722
10537
14973
59584
43974
55931
18187
5795
61419
73
47818
56473
2552
29576
44778
54776
63892
45276
6776
31282
29015
12584
49644
49565
11502
16796
61358
14353
17381
15457
53064
2743
31137
9712
32170
33011
7195
30359
55636
48913
12415
55252
28668
55610
15157
59504
37447
57315
43035
29787
15320
16706
50265
44377
42146
18122
60788
49857
41496
38790
25849
6216
35304
4487
30253
24876
48854
25296
59195
5493
2237
1641
10796
19842
3519
31226
20283
48160
53669
1127
17086
42002
52344
29673
36986
39595
38879
7008
28033
14559
11979
42952
40140
34446
29233
23041
22954
41935
60005
51894
35472
41202
17803
47164
22150
29465
47706
58734
54296
53246
31201
50788
62007
31394
40140
29066
15983
9249
16293
62021
38918
41520
46930
60282
51711
32730
15027
17624
1503
10147
259
2891
11192
24534
32173
29805
4293
1429
2897
9172
45489
53349
24321
2139
38990
4629
34050
56555
8826
29836
55076
5277
47492
29787
23806
39592
6793
590
50634
50415
18860
17325
48328
26869
42869
48866
45576
34887
25042
31954
27839
12245
25846
21745
22452
11971
19500
65224
38562
18991
11227
54811
39554
46432
29847
60061
17616
22018
30560
55378
17818
52265
5593
38301
28502
14930
417
26323
21680
23704
15716
14392
57792
60471
48148
60872
25044
30564
26543
42840
50995
29137
13635
24288
14741
6648
26509
45301
13397
65301
45361
35933
34068
11593
33519
10293
39169
52663
46623
8050
61487
63691
45061
18534
40397
32412
37794
40421
12266
1459
42429
55687
37851
26779
30275
43612
54187
6105
760
27721
18314
13701
60943
2497
55798
29388
10243
5812
47339
37796
27341
65435
38854
6913
32303
21975
63263
36664
5339
16993
40877
9259
53649
7210
7683
23716
38339
8202
64586
26394
4411
40854
16320
63816
55332
27249
16337
10945
17035
11584
54825
3651
33400
27210
41137
25903
46169
9362
12821
60816
62664
26302
39301
15012
34578
15891
16631
22341
56688
18151
18672
18960
28451
28182
60281
61918
3433
29134
7175
10146
12083
1616
16871
1501
4298
22689
9315
7986
43015
13519
42385
6704
13433
1583
55566
63921
33825
41463
8327
33816
3631
42493
59353
2537
30069
47723
10065
55949
20559
13427
10958
13872
45993
9491
4741
33370
44863
28917
52174
3566
59872
165
47197
13671
57906
47590
7834
15098
2800
51037
45228
31984
21903
45550
49086
51268
37757
8906
63449
37788
63864
27897
5426
51280
39284
36063
55228
2486
45848
27349
25508
57190
43200
22193
14221
54016
23455
54362
18865
5779
54607
36996
46634
6865
58428
18299
39064
9678
39592
23076
15485
22664
10857
64967
12314
5340
6593
21914
1985
41854
17479
16409
47509
43988
1479
20929
34269
13052
37125
59794
56469
44376
6399
50512
49198
19438
42353
13075
52577
15832
15120
24143
31591
39749
16693
8152
58437
11398
39485
48416
42340
8518
54634
43751
17047
3016
55660
28032
9242
24396
51575
17519
26821
10309
7432
21298
39668
28319
38760
17750
1753
30452
12558
2867
18012
1137
3384
48774
16206
33712
15068
13745
40758
11306
31926
28863
2595
17213
27024
14365
4733
44685
26628
51449
25722
27861
57349
51731
47975
45406
17614
29863
32580
43150
41935
35569
47267
6291
17602
32855
11696
28992
46263
61785
26533
38720
44524
64133
27257
438
37008
8438
35604
11198
12779
50084
59696
1621
20347
38462
9158
63422
57138
35759
20270
5511
13540
8976
36326
596
48077
64706
56775
8834
2515
27228
17956
30490
54600
47500
3554
14166
54614
58434
38171
25342
38348
9629
56098
50244
36905
30536
16704
50282
31358
58603
17198
48075
16598
56993
21009
439
56237
40701
52174
33791
34300
26781
57676
32310
21369
55709
47346
32510
62573
5051
61799
4933
29661
44565
63952
36266
55128
46078
17052
43034
59743
45877
47782
30962
53428
38258
10808
84
56261
46531
63208
40787
37007
1036
33274
7812
23180
49158
24011
40288
23055
15435
57283
17691
59161
32903
22908
59762
21810
35660
26585
46477
47809
22350
3974
33748
48297
53297
46709
51861
15155
12324
48925
60943
53076
9227
36724
61398
11235
55197
63580
38176
3387
10415
15699
18006
36720
43014
50613
48068
45071
25127
51917
31368
55352
17000
1807
47909
32653
2456
36046
28138
64394
34633
60508
8587
6730
64476
50317
56159
14117
10706
45990
53226
35781
49449
31734
2769
56576
1925
36046
47202
37064
11896
8396
64972
17785
58799
52114
18704
15220
52376
52501
15368
7292
21824
24193
57286
49274
1035
40385
35884
39473
17586
55292
56462
5993
2082
62121
